{
 "cells": [
  {
   "cell_type": "markdown",
   "metadata": {},
   "source": [
    "### 2. Feature Selection- With Correlation\n",
    "In this step we will be removing the features which are highly correlated "
   ]
  },
  {
   "cell_type": "code",
   "execution_count": 2,
   "metadata": {},
   "outputs": [],
   "source": [
    "#importing libraries\n",
    "import pandas as pd\n",
    "import matplotlib.pyplot as plt\n",
    "%matplotlib inline"
   ]
  },
  {
   "cell_type": "code",
   "execution_count": 3,
   "metadata": {},
   "outputs": [
    {
     "data": {
      "text/html": [
       "<div>\n",
       "<style scoped>\n",
       "    .dataframe tbody tr th:only-of-type {\n",
       "        vertical-align: middle;\n",
       "    }\n",
       "\n",
       "    .dataframe tbody tr th {\n",
       "        vertical-align: top;\n",
       "    }\n",
       "\n",
       "    .dataframe thead th {\n",
       "        text-align: right;\n",
       "    }\n",
       "</style>\n",
       "<table border=\"1\" class=\"dataframe\">\n",
       "  <thead>\n",
       "    <tr style=\"text-align: right;\">\n",
       "      <th></th>\n",
       "      <th>crim</th>\n",
       "      <th>zn</th>\n",
       "      <th>indus</th>\n",
       "      <th>chas</th>\n",
       "      <th>nox</th>\n",
       "      <th>rm</th>\n",
       "      <th>age</th>\n",
       "      <th>dis</th>\n",
       "      <th>rad</th>\n",
       "      <th>tax</th>\n",
       "      <th>ptratio</th>\n",
       "      <th>b</th>\n",
       "      <th>lstat</th>\n",
       "      <th>medv</th>\n",
       "    </tr>\n",
       "  </thead>\n",
       "  <tbody>\n",
       "    <tr>\n",
       "      <th>0</th>\n",
       "      <td>0.00632</td>\n",
       "      <td>18.0</td>\n",
       "      <td>2.31</td>\n",
       "      <td>0</td>\n",
       "      <td>0.538</td>\n",
       "      <td>6.575</td>\n",
       "      <td>65.2</td>\n",
       "      <td>4.0900</td>\n",
       "      <td>1</td>\n",
       "      <td>296</td>\n",
       "      <td>15.3</td>\n",
       "      <td>396.90</td>\n",
       "      <td>4.98</td>\n",
       "      <td>24.0</td>\n",
       "    </tr>\n",
       "    <tr>\n",
       "      <th>1</th>\n",
       "      <td>0.02731</td>\n",
       "      <td>0.0</td>\n",
       "      <td>7.07</td>\n",
       "      <td>0</td>\n",
       "      <td>0.469</td>\n",
       "      <td>6.421</td>\n",
       "      <td>78.9</td>\n",
       "      <td>4.9671</td>\n",
       "      <td>2</td>\n",
       "      <td>242</td>\n",
       "      <td>17.8</td>\n",
       "      <td>396.90</td>\n",
       "      <td>9.14</td>\n",
       "      <td>21.6</td>\n",
       "    </tr>\n",
       "    <tr>\n",
       "      <th>2</th>\n",
       "      <td>0.02729</td>\n",
       "      <td>0.0</td>\n",
       "      <td>7.07</td>\n",
       "      <td>0</td>\n",
       "      <td>0.469</td>\n",
       "      <td>7.185</td>\n",
       "      <td>61.1</td>\n",
       "      <td>4.9671</td>\n",
       "      <td>2</td>\n",
       "      <td>242</td>\n",
       "      <td>17.8</td>\n",
       "      <td>392.83</td>\n",
       "      <td>4.03</td>\n",
       "      <td>34.7</td>\n",
       "    </tr>\n",
       "    <tr>\n",
       "      <th>3</th>\n",
       "      <td>0.03237</td>\n",
       "      <td>0.0</td>\n",
       "      <td>2.18</td>\n",
       "      <td>0</td>\n",
       "      <td>0.458</td>\n",
       "      <td>6.998</td>\n",
       "      <td>45.8</td>\n",
       "      <td>6.0622</td>\n",
       "      <td>3</td>\n",
       "      <td>222</td>\n",
       "      <td>18.7</td>\n",
       "      <td>394.63</td>\n",
       "      <td>2.94</td>\n",
       "      <td>33.4</td>\n",
       "    </tr>\n",
       "    <tr>\n",
       "      <th>4</th>\n",
       "      <td>0.06905</td>\n",
       "      <td>0.0</td>\n",
       "      <td>2.18</td>\n",
       "      <td>0</td>\n",
       "      <td>0.458</td>\n",
       "      <td>7.147</td>\n",
       "      <td>54.2</td>\n",
       "      <td>6.0622</td>\n",
       "      <td>3</td>\n",
       "      <td>222</td>\n",
       "      <td>18.7</td>\n",
       "      <td>396.90</td>\n",
       "      <td>5.33</td>\n",
       "      <td>36.2</td>\n",
       "    </tr>\n",
       "  </tbody>\n",
       "</table>\n",
       "</div>"
      ],
      "text/plain": [
       "      crim    zn  indus  chas    nox     rm   age     dis  rad  tax  ptratio  \\\n",
       "0  0.00632  18.0   2.31     0  0.538  6.575  65.2  4.0900    1  296     15.3   \n",
       "1  0.02731   0.0   7.07     0  0.469  6.421  78.9  4.9671    2  242     17.8   \n",
       "2  0.02729   0.0   7.07     0  0.469  7.185  61.1  4.9671    2  242     17.8   \n",
       "3  0.03237   0.0   2.18     0  0.458  6.998  45.8  6.0622    3  222     18.7   \n",
       "4  0.06905   0.0   2.18     0  0.458  7.147  54.2  6.0622    3  222     18.7   \n",
       "\n",
       "        b  lstat  medv  \n",
       "0  396.90   4.98  24.0  \n",
       "1  396.90   9.14  21.6  \n",
       "2  392.83   4.03  34.7  \n",
       "3  394.63   2.94  33.4  \n",
       "4  396.90   5.33  36.2  "
      ]
     },
     "execution_count": 3,
     "metadata": {},
     "output_type": "execute_result"
    }
   ],
   "source": [
    "boston_df=pd.read_csv('BostonHousing.csv')\n",
    "boston_df.head()"
   ]
  },
  {
   "cell_type": "code",
   "execution_count": 4,
   "metadata": {},
   "outputs": [],
   "source": [
    "#independent features\n",
    "X=boston_df.iloc[:,:-1]\n",
    "#dependent features\n",
    "y=boston_df.iloc[:,-1]"
   ]
  },
  {
   "cell_type": "code",
   "execution_count": 5,
   "metadata": {},
   "outputs": [
    {
     "data": {
      "text/html": [
       "<div>\n",
       "<style scoped>\n",
       "    .dataframe tbody tr th:only-of-type {\n",
       "        vertical-align: middle;\n",
       "    }\n",
       "\n",
       "    .dataframe tbody tr th {\n",
       "        vertical-align: top;\n",
       "    }\n",
       "\n",
       "    .dataframe thead th {\n",
       "        text-align: right;\n",
       "    }\n",
       "</style>\n",
       "<table border=\"1\" class=\"dataframe\">\n",
       "  <thead>\n",
       "    <tr style=\"text-align: right;\">\n",
       "      <th></th>\n",
       "      <th>crim</th>\n",
       "      <th>zn</th>\n",
       "      <th>indus</th>\n",
       "      <th>chas</th>\n",
       "      <th>nox</th>\n",
       "      <th>rm</th>\n",
       "      <th>age</th>\n",
       "      <th>dis</th>\n",
       "      <th>rad</th>\n",
       "      <th>tax</th>\n",
       "      <th>ptratio</th>\n",
       "      <th>b</th>\n",
       "      <th>lstat</th>\n",
       "    </tr>\n",
       "  </thead>\n",
       "  <tbody>\n",
       "    <tr>\n",
       "      <th>0</th>\n",
       "      <td>0.00632</td>\n",
       "      <td>18.0</td>\n",
       "      <td>2.31</td>\n",
       "      <td>0</td>\n",
       "      <td>0.538</td>\n",
       "      <td>6.575</td>\n",
       "      <td>65.2</td>\n",
       "      <td>4.0900</td>\n",
       "      <td>1</td>\n",
       "      <td>296</td>\n",
       "      <td>15.3</td>\n",
       "      <td>396.90</td>\n",
       "      <td>4.98</td>\n",
       "    </tr>\n",
       "    <tr>\n",
       "      <th>1</th>\n",
       "      <td>0.02731</td>\n",
       "      <td>0.0</td>\n",
       "      <td>7.07</td>\n",
       "      <td>0</td>\n",
       "      <td>0.469</td>\n",
       "      <td>6.421</td>\n",
       "      <td>78.9</td>\n",
       "      <td>4.9671</td>\n",
       "      <td>2</td>\n",
       "      <td>242</td>\n",
       "      <td>17.8</td>\n",
       "      <td>396.90</td>\n",
       "      <td>9.14</td>\n",
       "    </tr>\n",
       "    <tr>\n",
       "      <th>2</th>\n",
       "      <td>0.02729</td>\n",
       "      <td>0.0</td>\n",
       "      <td>7.07</td>\n",
       "      <td>0</td>\n",
       "      <td>0.469</td>\n",
       "      <td>7.185</td>\n",
       "      <td>61.1</td>\n",
       "      <td>4.9671</td>\n",
       "      <td>2</td>\n",
       "      <td>242</td>\n",
       "      <td>17.8</td>\n",
       "      <td>392.83</td>\n",
       "      <td>4.03</td>\n",
       "    </tr>\n",
       "    <tr>\n",
       "      <th>3</th>\n",
       "      <td>0.03237</td>\n",
       "      <td>0.0</td>\n",
       "      <td>2.18</td>\n",
       "      <td>0</td>\n",
       "      <td>0.458</td>\n",
       "      <td>6.998</td>\n",
       "      <td>45.8</td>\n",
       "      <td>6.0622</td>\n",
       "      <td>3</td>\n",
       "      <td>222</td>\n",
       "      <td>18.7</td>\n",
       "      <td>394.63</td>\n",
       "      <td>2.94</td>\n",
       "    </tr>\n",
       "    <tr>\n",
       "      <th>4</th>\n",
       "      <td>0.06905</td>\n",
       "      <td>0.0</td>\n",
       "      <td>2.18</td>\n",
       "      <td>0</td>\n",
       "      <td>0.458</td>\n",
       "      <td>7.147</td>\n",
       "      <td>54.2</td>\n",
       "      <td>6.0622</td>\n",
       "      <td>3</td>\n",
       "      <td>222</td>\n",
       "      <td>18.7</td>\n",
       "      <td>396.90</td>\n",
       "      <td>5.33</td>\n",
       "    </tr>\n",
       "  </tbody>\n",
       "</table>\n",
       "</div>"
      ],
      "text/plain": [
       "      crim    zn  indus  chas    nox     rm   age     dis  rad  tax  ptratio  \\\n",
       "0  0.00632  18.0   2.31     0  0.538  6.575  65.2  4.0900    1  296     15.3   \n",
       "1  0.02731   0.0   7.07     0  0.469  6.421  78.9  4.9671    2  242     17.8   \n",
       "2  0.02729   0.0   7.07     0  0.469  7.185  61.1  4.9671    2  242     17.8   \n",
       "3  0.03237   0.0   2.18     0  0.458  6.998  45.8  6.0622    3  222     18.7   \n",
       "4  0.06905   0.0   2.18     0  0.458  7.147  54.2  6.0622    3  222     18.7   \n",
       "\n",
       "        b  lstat  \n",
       "0  396.90   4.98  \n",
       "1  396.90   9.14  \n",
       "2  392.83   4.03  \n",
       "3  394.63   2.94  \n",
       "4  396.90   5.33  "
      ]
     },
     "execution_count": 5,
     "metadata": {},
     "output_type": "execute_result"
    }
   ],
   "source": [
    "X.head()"
   ]
  },
  {
   "cell_type": "code",
   "execution_count": 6,
   "metadata": {},
   "outputs": [
    {
     "data": {
      "text/plain": [
       "((354, 13), (152, 13))"
      ]
     },
     "execution_count": 6,
     "metadata": {},
     "output_type": "execute_result"
    }
   ],
   "source": [
    "# separate dataset into train and test\n",
    "from sklearn.model_selection import train_test_split\n",
    "X_train, X_test, y_train, y_test = train_test_split(\n",
    "    X,\n",
    "    y,\n",
    "    test_size=0.3,\n",
    "    random_state=0)\n",
    "\n",
    "X_train.shape, X_test.shape"
   ]
  },
  {
   "cell_type": "code",
   "execution_count": 7,
   "metadata": {},
   "outputs": [
    {
     "data": {
      "text/html": [
       "<div>\n",
       "<style scoped>\n",
       "    .dataframe tbody tr th:only-of-type {\n",
       "        vertical-align: middle;\n",
       "    }\n",
       "\n",
       "    .dataframe tbody tr th {\n",
       "        vertical-align: top;\n",
       "    }\n",
       "\n",
       "    .dataframe thead th {\n",
       "        text-align: right;\n",
       "    }\n",
       "</style>\n",
       "<table border=\"1\" class=\"dataframe\">\n",
       "  <thead>\n",
       "    <tr style=\"text-align: right;\">\n",
       "      <th></th>\n",
       "      <th>crim</th>\n",
       "      <th>zn</th>\n",
       "      <th>indus</th>\n",
       "      <th>chas</th>\n",
       "      <th>nox</th>\n",
       "      <th>rm</th>\n",
       "      <th>age</th>\n",
       "      <th>dis</th>\n",
       "      <th>rad</th>\n",
       "      <th>tax</th>\n",
       "      <th>ptratio</th>\n",
       "      <th>b</th>\n",
       "      <th>lstat</th>\n",
       "    </tr>\n",
       "  </thead>\n",
       "  <tbody>\n",
       "    <tr>\n",
       "      <th>crim</th>\n",
       "      <td>1.000000</td>\n",
       "      <td>-0.196172</td>\n",
       "      <td>0.382073</td>\n",
       "      <td>-0.049364</td>\n",
       "      <td>0.416560</td>\n",
       "      <td>-0.188280</td>\n",
       "      <td>0.329927</td>\n",
       "      <td>-0.355840</td>\n",
       "      <td>0.603880</td>\n",
       "      <td>0.560570</td>\n",
       "      <td>0.264780</td>\n",
       "      <td>-0.299525</td>\n",
       "      <td>0.439369</td>\n",
       "    </tr>\n",
       "    <tr>\n",
       "      <th>zn</th>\n",
       "      <td>-0.196172</td>\n",
       "      <td>1.000000</td>\n",
       "      <td>-0.529392</td>\n",
       "      <td>-0.063863</td>\n",
       "      <td>-0.523572</td>\n",
       "      <td>0.319260</td>\n",
       "      <td>-0.583885</td>\n",
       "      <td>0.658331</td>\n",
       "      <td>-0.314833</td>\n",
       "      <td>-0.327834</td>\n",
       "      <td>-0.392838</td>\n",
       "      <td>0.164641</td>\n",
       "      <td>-0.429178</td>\n",
       "    </tr>\n",
       "    <tr>\n",
       "      <th>indus</th>\n",
       "      <td>0.382073</td>\n",
       "      <td>-0.529392</td>\n",
       "      <td>1.000000</td>\n",
       "      <td>0.044224</td>\n",
       "      <td>0.750218</td>\n",
       "      <td>-0.392969</td>\n",
       "      <td>0.629257</td>\n",
       "      <td>-0.686848</td>\n",
       "      <td>0.578459</td>\n",
       "      <td>0.719038</td>\n",
       "      <td>0.388353</td>\n",
       "      <td>-0.331638</td>\n",
       "      <td>0.603374</td>\n",
       "    </tr>\n",
       "    <tr>\n",
       "      <th>chas</th>\n",
       "      <td>-0.049364</td>\n",
       "      <td>-0.063863</td>\n",
       "      <td>0.044224</td>\n",
       "      <td>1.000000</td>\n",
       "      <td>0.043748</td>\n",
       "      <td>0.088125</td>\n",
       "      <td>0.067269</td>\n",
       "      <td>-0.085492</td>\n",
       "      <td>0.022338</td>\n",
       "      <td>-0.017156</td>\n",
       "      <td>-0.072683</td>\n",
       "      <td>0.069682</td>\n",
       "      <td>-0.059060</td>\n",
       "    </tr>\n",
       "    <tr>\n",
       "      <th>nox</th>\n",
       "      <td>0.416560</td>\n",
       "      <td>-0.523572</td>\n",
       "      <td>0.750218</td>\n",
       "      <td>0.043748</td>\n",
       "      <td>1.000000</td>\n",
       "      <td>-0.279202</td>\n",
       "      <td>0.740052</td>\n",
       "      <td>-0.765753</td>\n",
       "      <td>0.627188</td>\n",
       "      <td>0.683445</td>\n",
       "      <td>0.179046</td>\n",
       "      <td>-0.369445</td>\n",
       "      <td>0.577154</td>\n",
       "    </tr>\n",
       "    <tr>\n",
       "      <th>rm</th>\n",
       "      <td>-0.188280</td>\n",
       "      <td>0.319260</td>\n",
       "      <td>-0.392969</td>\n",
       "      <td>0.088125</td>\n",
       "      <td>-0.279202</td>\n",
       "      <td>1.000000</td>\n",
       "      <td>-0.235839</td>\n",
       "      <td>0.183857</td>\n",
       "      <td>-0.179242</td>\n",
       "      <td>-0.275242</td>\n",
       "      <td>-0.385526</td>\n",
       "      <td>0.157459</td>\n",
       "      <td>-0.623920</td>\n",
       "    </tr>\n",
       "    <tr>\n",
       "      <th>age</th>\n",
       "      <td>0.329927</td>\n",
       "      <td>-0.583885</td>\n",
       "      <td>0.629257</td>\n",
       "      <td>0.067269</td>\n",
       "      <td>0.740052</td>\n",
       "      <td>-0.235839</td>\n",
       "      <td>1.000000</td>\n",
       "      <td>-0.761543</td>\n",
       "      <td>0.440578</td>\n",
       "      <td>0.502429</td>\n",
       "      <td>0.239729</td>\n",
       "      <td>-0.250416</td>\n",
       "      <td>0.606530</td>\n",
       "    </tr>\n",
       "    <tr>\n",
       "      <th>dis</th>\n",
       "      <td>-0.355840</td>\n",
       "      <td>0.658331</td>\n",
       "      <td>-0.686848</td>\n",
       "      <td>-0.085492</td>\n",
       "      <td>-0.765753</td>\n",
       "      <td>0.183857</td>\n",
       "      <td>-0.761543</td>\n",
       "      <td>1.000000</td>\n",
       "      <td>-0.467653</td>\n",
       "      <td>-0.519643</td>\n",
       "      <td>-0.176620</td>\n",
       "      <td>0.248376</td>\n",
       "      <td>-0.501780</td>\n",
       "    </tr>\n",
       "    <tr>\n",
       "      <th>rad</th>\n",
       "      <td>0.603880</td>\n",
       "      <td>-0.314833</td>\n",
       "      <td>0.578459</td>\n",
       "      <td>0.022338</td>\n",
       "      <td>0.627188</td>\n",
       "      <td>-0.179242</td>\n",
       "      <td>0.440578</td>\n",
       "      <td>-0.467653</td>\n",
       "      <td>1.000000</td>\n",
       "      <td>0.907455</td>\n",
       "      <td>0.437687</td>\n",
       "      <td>-0.415325</td>\n",
       "      <td>0.442783</td>\n",
       "    </tr>\n",
       "    <tr>\n",
       "      <th>tax</th>\n",
       "      <td>0.560570</td>\n",
       "      <td>-0.327834</td>\n",
       "      <td>0.719038</td>\n",
       "      <td>-0.017156</td>\n",
       "      <td>0.683445</td>\n",
       "      <td>-0.275242</td>\n",
       "      <td>0.502429</td>\n",
       "      <td>-0.519643</td>\n",
       "      <td>0.907455</td>\n",
       "      <td>1.000000</td>\n",
       "      <td>0.447518</td>\n",
       "      <td>-0.412145</td>\n",
       "      <td>0.515905</td>\n",
       "    </tr>\n",
       "    <tr>\n",
       "      <th>ptratio</th>\n",
       "      <td>0.264780</td>\n",
       "      <td>-0.392838</td>\n",
       "      <td>0.388353</td>\n",
       "      <td>-0.072683</td>\n",
       "      <td>0.179046</td>\n",
       "      <td>-0.385526</td>\n",
       "      <td>0.239729</td>\n",
       "      <td>-0.176620</td>\n",
       "      <td>0.437687</td>\n",
       "      <td>0.447518</td>\n",
       "      <td>1.000000</td>\n",
       "      <td>-0.145638</td>\n",
       "      <td>0.387752</td>\n",
       "    </tr>\n",
       "    <tr>\n",
       "      <th>b</th>\n",
       "      <td>-0.299525</td>\n",
       "      <td>0.164641</td>\n",
       "      <td>-0.331638</td>\n",
       "      <td>0.069682</td>\n",
       "      <td>-0.369445</td>\n",
       "      <td>0.157459</td>\n",
       "      <td>-0.250416</td>\n",
       "      <td>0.248376</td>\n",
       "      <td>-0.415325</td>\n",
       "      <td>-0.412145</td>\n",
       "      <td>-0.145638</td>\n",
       "      <td>1.000000</td>\n",
       "      <td>-0.365338</td>\n",
       "    </tr>\n",
       "    <tr>\n",
       "      <th>lstat</th>\n",
       "      <td>0.439369</td>\n",
       "      <td>-0.429178</td>\n",
       "      <td>0.603374</td>\n",
       "      <td>-0.059060</td>\n",
       "      <td>0.577154</td>\n",
       "      <td>-0.623920</td>\n",
       "      <td>0.606530</td>\n",
       "      <td>-0.501780</td>\n",
       "      <td>0.442783</td>\n",
       "      <td>0.515905</td>\n",
       "      <td>0.387752</td>\n",
       "      <td>-0.365338</td>\n",
       "      <td>1.000000</td>\n",
       "    </tr>\n",
       "  </tbody>\n",
       "</table>\n",
       "</div>"
      ],
      "text/plain": [
       "             crim        zn     indus      chas       nox        rm       age  \\\n",
       "crim     1.000000 -0.196172  0.382073 -0.049364  0.416560 -0.188280  0.329927   \n",
       "zn      -0.196172  1.000000 -0.529392 -0.063863 -0.523572  0.319260 -0.583885   \n",
       "indus    0.382073 -0.529392  1.000000  0.044224  0.750218 -0.392969  0.629257   \n",
       "chas    -0.049364 -0.063863  0.044224  1.000000  0.043748  0.088125  0.067269   \n",
       "nox      0.416560 -0.523572  0.750218  0.043748  1.000000 -0.279202  0.740052   \n",
       "rm      -0.188280  0.319260 -0.392969  0.088125 -0.279202  1.000000 -0.235839   \n",
       "age      0.329927 -0.583885  0.629257  0.067269  0.740052 -0.235839  1.000000   \n",
       "dis     -0.355840  0.658331 -0.686848 -0.085492 -0.765753  0.183857 -0.761543   \n",
       "rad      0.603880 -0.314833  0.578459  0.022338  0.627188 -0.179242  0.440578   \n",
       "tax      0.560570 -0.327834  0.719038 -0.017156  0.683445 -0.275242  0.502429   \n",
       "ptratio  0.264780 -0.392838  0.388353 -0.072683  0.179046 -0.385526  0.239729   \n",
       "b       -0.299525  0.164641 -0.331638  0.069682 -0.369445  0.157459 -0.250416   \n",
       "lstat    0.439369 -0.429178  0.603374 -0.059060  0.577154 -0.623920  0.606530   \n",
       "\n",
       "              dis       rad       tax   ptratio         b     lstat  \n",
       "crim    -0.355840  0.603880  0.560570  0.264780 -0.299525  0.439369  \n",
       "zn       0.658331 -0.314833 -0.327834 -0.392838  0.164641 -0.429178  \n",
       "indus   -0.686848  0.578459  0.719038  0.388353 -0.331638  0.603374  \n",
       "chas    -0.085492  0.022338 -0.017156 -0.072683  0.069682 -0.059060  \n",
       "nox     -0.765753  0.627188  0.683445  0.179046 -0.369445  0.577154  \n",
       "rm       0.183857 -0.179242 -0.275242 -0.385526  0.157459 -0.623920  \n",
       "age     -0.761543  0.440578  0.502429  0.239729 -0.250416  0.606530  \n",
       "dis      1.000000 -0.467653 -0.519643 -0.176620  0.248376 -0.501780  \n",
       "rad     -0.467653  1.000000  0.907455  0.437687 -0.415325  0.442783  \n",
       "tax     -0.519643  0.907455  1.000000  0.447518 -0.412145  0.515905  \n",
       "ptratio -0.176620  0.437687  0.447518  1.000000 -0.145638  0.387752  \n",
       "b        0.248376 -0.415325 -0.412145 -0.145638  1.000000 -0.365338  \n",
       "lstat   -0.501780  0.442783  0.515905  0.387752 -0.365338  1.000000  "
      ]
     },
     "execution_count": 7,
     "metadata": {},
     "output_type": "execute_result"
    }
   ],
   "source": [
    "X_train.corr()"
   ]
  },
  {
   "cell_type": "code",
   "execution_count": 8,
   "metadata": {},
   "outputs": [
    {
     "data": {
